63100
63300
63100
62900
65200
66700
65100
65700
64700
65800
63400
62600
63300
66000
66900
65900
65600
66400
63800
65500
64000
62500
64600
63100
66000
66400
65000
65500
66500
65000
65200
62500
62600
61200
66300
66600
65600
66800
64700
65500
63100
62300
61300
60500
65400
66100
66700
65500
65200
64500
63700
61900
61500
61300
63400
66800
66400
66300
66000
64100
64100
64600
62800
61700
61500
65900
64900
66100
65800
65400
64400
64200
62600
63900
60800
66900
66700
66200
64100
65300
65700
64300
64300
62100
66200
66500
65500
66200
66600
64700
65600
65100
65300
60700
62200
66700
66200
66700
66300
64800
65900
63400
63300
63500
61200
66100
66900
66100
65400
66300
63900
65100
61700
63500
61500
65500
65500
66200
65700
66500
64000
65300
64800
62900
61300
63600
65400
66600
66000
65200
65400
63600
63400
62300
62400
62200
65200
65600
65500
65000
64900
64200
63100
62500
62300
61600
66000
65000
65700
66300
65000
65500
65200
63900
61000
63600
66800
66000
65300
65600
64200
65200
64800
64400
61400
62300
65100
66500
66400
65100
66500
64400
65200
62700
62300
61000
65000
65500
65900
65600
65500
66100
62900
63300
62600
60900
62500
66200
66500
66100
65500
63800
64700
62900
62800
61300
61800
66500
66100
66000
65200
64700
63900
62700
62200
62000
65700
66200
66700
66500
65200
66000
65800
65300
64100
62000
64700
66600
66500
65900
65400
65000
64300
64400
61900
62300
63100
65400
66400
65900
66100
65500
65600
64400
63700
61500
60200
65400
66200
65400
66700
65900
64100
63600
64100
61100
61500
63900
66400
66700
64300
66000
65400
63700
65100
61500
62400
62200
65400
65300
66600
65600
64300
63900
64900
62500
62500
60700
65100
65200
66300
66000
65000
66100
63100
63300
60800
66700
65900
66700
66100
64600
66200
64300
64600
62700
61600
65000
66600
65700
65700
66500
64500
65300
64600
63000
62000
61500
66600
66100
64900
65900
65900
64800
64100
63700
62800
62400
65600
66300
66700
66000
65400
65500
64900
62500
61300
61300
63500
66600
66200
66400
65700
65400
63400
62500
62800
61300
60300
66900
66600
65200
65500
66000
65300
63700
62700
61400
66400
66800
65900
65700
66300
64300
65800
64700
64100
61500
64500
67000
66400
66700
66100
64400
65200
65300
62500
62600
63600
65700
66500
65400
65000
65100
65100
64100
63600
62400
60600
65400
66600
65500
65900
65600
65200
64700
61800
61500
61800
64900
65100
66000
66300
65800
64700
65300
62100
63400
61600
60800
66800
65800
66300
65800
64000
64100
64300
63100
63300
60300
66000
66100
65800
65200
66200
64700
63600
62100
61600
66200
65500
65700
66600
66700
66100
65500
64600
63900
62600
65100
66000
65100
66600
64800
65400
65400
63900
61500
62500
60600
65100
65300
65300
65900
64500
64300
64500
62700
63400
61200
66000
66800
65300
66500
65000
63800
65400
63900
62300
61000
61500
66700
66700
66100
64200
65500
65900
63800
63900
63800
61100
66100
65200
66000
65700
64500
65500
64100
62100
61100
66600
66900
65700
66300
64500
65400
65000
63200
64900
60700
65900
66600
66100
64800
66400
65300
65400
65800
63500
61900
62500
66200
65500
66600
66100
66000
65800
64900
61800
63200
61400
66700
65300
66300
66200
64700
64500
62500
63100
61900
61000
62200
66500
65900
66300
64600
63700
65700
62500
62600
61000
63000
66100
66300
65200
65300
66200
65200
63500
61800
60800
60700
65700
65800
65000
66300
64800
64400
64300
64800
63200
65300
66200
66400
66500
65000
64700
65800
63100
64800
60400
63700
66000
66800
66100
65100
66100
65500
63800
63400
62300
61200
66500
65300
66400
66400
64700
65200
65100
62000
62600
61200
64200
66100
66000
66300
65000
64100
64900
63600
63800
60500
62200
65500
65500
65900
66200
66100
64200
63000
64600
62700
61500
66100
66300
66500
66500
64500
65400
62600
64200
63500
61500
65700
65600
66600
65600
64600
65800
63000
63000
62300
65200
66100
65500
66500
65700
65200
65100
65700
63800
62500
62100
64900
64900
65700
66300
64400
66200
65600
64000
61600
60700
66100
66700
65800
65200
66300
66000
64400
63300
61800
60500
63000
66200
66500
65500
65200
66100
63600
63000
63000
61400
61000
66400
66200
66300
65700
65600
65100
64900
61800
62300
62000
65800
66400
66000
65200
64400
64800
65600
62700
62200
61700
66800
66300
65000
65300
66000
65200
64600
63200
64200
62300
65900
66500
65900
65300
66500
65100
64300
64400
61700
60900
65100
66700
65800
66200
64800
65800
65000
63300
61400
60700
64300
65600
66700
66800
65300
65600
64700
62500
64500
60900
61900
66500
66600
66400
65100
64500
63900
64200
63100
61600
60600
66300
67000
65700
64900
65400
65700
64700
62800
61900
61000
64200
65900
65500
65100
65600
65200
64400
64200
61500
62400
66700
65700
65800
65900
66300
64400
65100
65100
63000
61700
65400
66500
66300
64800
66200
64700
65800
64700
63900
61400
66300
65200
66000
66300
64800
65300
65100
61900
61600
61600
62100
65700
65700
66100
66400
66100
63000
64000
62700
61200
60300
65500
66700
65700
66800
63800
65600
64600
63800
61100
61900
64900
65100
66300
65100
65600
64900
64500
63000
62900
61700
63600
66700
66900
66000
64600
65500
64200
64000
63300
61800
66500
65200
65300
66000
65000
66400
65000
63600
64300
61000
66400
65800
65700
65600
66200
65200
64800
64300
63600
60900
63800
66400
66000
66700
65200
66200
65500
62300
62200
61200
62300
66500
66300
66500
66500
66100
65400
65100
62900
62200
63000
65000
66500
66500
65700
65900
65100
64600
64600
63100
61700
63600
66600
65800
66400
66000
63800
64700
63000
62800
61600
61900
66200
66400
65500
66100
66000
64500
64500
61900
64100
61400
66100
66000
66600
66300
64500
65300
64200
62700
62800
63800
66800
65900
66200
65200
66000
65500
64800
63600
62000
62600
65200
65700
65500
65600
66600
65500
64600
63000
63200
62500
66200
65500
66200
66100
65400
64800
64600
64200
61200
61100
62600
66600
65900
65600
65300
65100
63000
62400
62800
61300
60500
65600
65400
65700
66100
63700
65100
63700
63700
63000
61100
65500
66500
64900
65300
65700
65600
63800
62600
62600
63300
66700
65100
66200
66000
65000
65900
64700
64000
64500
62400
65300
66200
66300
66100
66500
65700
65600
65600
62100
61900
66200
65900
66700
65200
65000
66100
66000
61800
61400
61400
64300
65400
66500
66400
66200
65600
65700
63800
63600
60700
62000
